11016 45.415 141.678 稚内*
11291 44.940 142.585 北見枝幸
12442 43.757 142.372 旭川*
13181 44.363 141.700 羽幌
13277 43.945 141.631 留萌
14163 43.060 141.328 札幌*
15356 43.212 141.785 岩見沢
16091 43.182 141.015 小樽
16252 42.795 140.223 寿都
17036 44.012 142.963 雄武
17112 44.345 143.355 紋別
17341 44.016 144.278 網走*
18273 43.330 145.585 根室
19432 42.985 144.376 釧路*
20432 44.922 143.211 帯広
20751 42.293 143.316 広尾
21187 42.623 141.547 苫小牧
21323 42.311 140.975 室蘭*
22327 42.161 142.776 浦河
23232 41.816 140.753 函館*
24217 41.866 140.123 江差
31111 41.283 141.210 むつ
31312 40.821 140.768 青森*
31436 40.645 139.931 深浦
31602 40.526 141.522 八戸
32402 39.716 140.098 秋田*
33431 39.698 141.165 盛岡*
33472 39.646 141.965 宮古
33877 39.063 141.713 大船渡
34292 38.426 141.298 石巻
34392 38.262 140.896 仙台*
35052 38.908 139.843 酒田
35162 38.756 140.311 新庄
35426 38.255 140.345 山形*
36126 37.758 140.470 福島*
36361 37.488 139.910 若松
36667 37.131 140.215 白河
36846 36.946 140.903 小名浜
40201 36.380 140.466 水戸*
40336 36.056 140.125 つくば
41166 36.738 139.500 奥日光
41277 36.548 139.868 宇都宮
42251 36.405 139.006 前橋*
43056 36.150 139.380 熊谷*
43241 35.875 139.586 さいたま4
44132 35.691 139.750 東京*
44226 34.123 139.520 三宅島
44263 33.122 139.778 八丈島
45147 35.738 140.856 銚子*
45212 35.601 140.103 千葉
45371 35.150 140.311 勝浦
45401 34.986 139.865 館山
46106 35.438 139.651 横浜*
48156 36.661 138.191 長野*
48331 36.341 138.546 軽井沢
48361 36.246 137.970 松本
48491 36.045 138.108 諏訪
48767 35.523 137.821 飯田
49142 35.666 138.553 甲府*
49251 35.500 138.760 河口湖
50206 35.113 138.925 三島
50281 35.045 139.091 網代
50331 34.975 138.403 静岡*
50456 34.753 137.711 浜松
50551 34.603 137.211 御前崎
50561 34.603 138.841 石廊崎
51106 35.166 136.965 名古屋*
51346 34.628 137.093 伊良湖
52146 36.155 137.253 高山
52586 35.400 137.761 岐阜*
53061 34.940 136.580 四日市
53112 34.761 136.141 上野
53133 34.733 136.518 津*
53378 34.068 136.193 尾鷲
54157 38.028 138.240 相川
54232 37.893 139.018 新潟*
54651 37.106 138.246 高田
55091 36.791 137.055 伏木
55102 36.708 137.201 富山*
56052 37.390 136.895 輪島
56227 36.588 136.633 金沢*
57066 36.055 136.221 福井*
57248 35.653 136.061 敦賀
60131 35.275 136.243 彦根*
60216 34.991 135.911 大津4
61111 35.450 135.316 舞鶴
61286 35.013 135.731 京都*
62078 34.681 135.518 大阪*
63051 35.535 134.821 豊岡
63383 34.838 134.670 姫路
63518 34.696 135.211 神戸*
63576 34.338 134.905 洲本
64036 34.693 135.826 奈良*
65042 34.228 135.163 和歌山*
65356 33.450 135.756 潮岬*
66186 35.063 134.008 津山
66408 34.685 133.925 岡山*
67401 34.446 133.246 福山
67437 34.398 132.461 広島*
67511 34.240 132.550 呉
68022 36.203 133.333 西郷
68132 35.456 133.065 松江*
68376 34.896 132.007 浜田
69006 35.543 133.235 境
69076 35.433 133.338 米子
69122 35.486 134.238 鳥取*
71106 34.066 134.573 徳島*
72086 34.316 134.053 高松*
72111 34.275 133.751 多度津
73166 33.843 132.776 松山*
73442 33.226 132.552 宇和島
74181 33.566 133.548 高知*
74372 33.251 134.176 室戸岬
74447 33.920 132.695 宿毛
74516 32.721 133.001 清水
81071 34.410 131.405 萩
81286 34.161 131.461 山口
81428 33.948 130.925 下関*
82136 33.651 130.693 飯塚
82182 33.581 130.375 福岡*
83137 33.321 130.928 日田
83216 33.235 131.618 大分
84072 34.196 129.291 厳原
84171 33.360 129.550 平戸
84266 33.158 129.726 佐世保
84496 32.733 129.866 長崎*
84519 32.736 130.261 雲仙岳
84536 32.665 128.826 福江
85142 33.265 130.305 佐賀*
86141 32.813 130.706 熊本*
86467 32.216 130.755 人吉
86491 32.196 130.026 牛深
87141 32.581 131.656 延岡
87376 31.938 131.413 宮崎*
87426 31.730 131.081 都城
87492 31.578 131.406 油津
88061 32.026 130.200 阿久根
88317 31.555 130.546 鹿児島*
88466 31.271 130.291 枕崎
88612 30.720 130.981 種子島
88686 30.385 130.658 屋久島
88836 28.378 129.495 名瀬
88971 27.431 128.705 沖永良部
91107 26.593 127.965 名護
91146 26.336 126.803 久米島
91917 26.206 127.686 那覇*
92011 25.828 131.228 南大東島*
93041 24.793 125.278 宮古島*
94017 24.466 123.010 与那国島*
94062 24.426 123.765 西表島
94081 24.336 124.163 石垣島*
